0.6382312875
0.5954253374999999
0.5554904125
0.5182339
0.48347617499999995
0.451049625
0.420797875
0.39257516249999996
0.366245275
0.34168135
0.31876491250000005
0.29738549999999997
0.2774399875
0.258832175
0.24147240000000003
0.2252769625
0.21016772500000003
0.19607186249999997
0.1829213875
0.17065293750000002
0.15920730000000002
0.14852933749999997
0.13856755
0.1292738625
0.12060351250000001
0.1125146875
0.1049684
0.09792818875
0.09136018500000001
0.08523269374999999
0.07951617250000001
0.07418305375
0.0692076275
0.06456590000000001
0.06023549125
0.056195520000000006
0.052426509999999996
0.04891028375
0.04562989125
0.04256951375
0.0397143925
0.037050765
0.034565785
0.03224747125
0.03008464875
0.02806688125
0.0261844475
0.0244282675
0.0227898725
0.021261364999999997
0.01983537375
0.01850502375
0.0172639
0.01610601625
0.015025792500000001
0.01401801875
0.013077835
0.01220070875
0.011382412500000001
0.010619000000000002
0.009906786875
0.009242343250000002
0.008622462875
0.008044158000000001
0.007504639625000001
0.007001306375
0.006531731500000001
0.006093650999999999
0.005684952125
0.005303664624999999
0.004947950125
0.004616093
0.0043064934999999995
0.004017658625
0.0037481961249999996
0.003496806125
0.003262276625
0.00304347725
0.00283935225
0.002648918
0.0024712564999999995
0.00230551
0.002150880375
0.002006621625
0.0018720385
0.0017464815000000002
0.00162934575
0.001520066
0.0014181159999999999
0.001323003625
0.00123427025
0.001151488125
0.0010742582500000001
0.0010022082625
0.0009349905500000001
0.0008722811375
0.0008137775875
0.0007591978375
0.0007082787375
0.0006607747874999999
0.0006164568875
0.0005751113625
0.0005365388875
0.0005005534125
0.00046698150000000006
0.0004356612499999999
0.00040644162499999995
0.0003791817625
0.00035375017499999996
0.0003300242875
0.00030788968750000006
0.000287239675
0.000267974625
0.0002500016625
0.00023323413750000002
0.00021759122500000002
0.00020299746249999998
0.000189382525
0.0001766807
0.0001648308
0.000153775675
0.000143461975
0.0001338400625
0.000124863475
0.00011648891250000001
0.00010867607500000001
0.00010138718375
0.000094587195
0.00008824327125
0.00008232483000000001
0.00007680333625
0.00007165216625
0.000066846485
0.0000623631175
0.00005818044749999999
0.00005427830999999999
0.000050637886250000006
0.000047241623750000005
0.00004407314625000001
0.000041117178750000004
0.00003835946625
0.000035786711249999996
0.0000333865125
0.00003114729125
0.000029058255
0.000027109328750000002
0.0000252911175
0.0000235948525
0.00002201235625
0.00002053599625
0.000019158655
0.0000178736925
0.00001667491
0.00001555653
0.000014513159999999999
0.00001353976625
0.0000126316625
0.0000117844625
0.00001099408125
0.00001025671625
9.568799624999999e-6
8.92702425e-6
8.328292375000001e-6
7.76971725e-6
7.248605374999999e-6
6.762444375e-6
6.30888975e-6
5.8857552500000006e-6
5.491000125e-6
5.122721e-6
4.779141875e-6
4.458606875e-6
4.159569875e-6
3.880589125e-6
3.6203196250000002e-6
3.377506375e-6
3.150978125e-6
2.9396435e-6
2.7424828750000002e-6
2.558545625e-6
2.3869451249999996e-6
2.226853625e-6
2.0774995e-6
1.93816225e-6
1.8081706250000002e-6
1.68689725e-6
1.5737578750000003e-6
1.4682065e-6
1.369734625e-6
1.277866875e-6
1.1921608749999998e-6
1.1122031250000001e-6
1.037608e-6
9.680161375e-7
9.030916875000001e-7
8.425216874999999e-7
7.860141124999999e-7
7.332964500000001e-7
6.841145500000001e-7
6.382312875000001e-7